CodParticipacion|FechaReg|CodRemitente|CodIntegrante|Participacion|CodCargo|CodCargo2
1|41176|1|2|39.78|7|7
2|41176|1|3|29.52|7|7
3|41176|1|4|16.37|7|7
5|41176|1|6|0.00|2|7
7|41176|1|8|0.00|3|7
11|41177|1|12|0.00|5|7
12|41177|1|13|0.00|5|7
15|41180|15|1|99.99|7|7
17|41180|15|16|0.00|4|7
21|41185|19|1|100.00|7|7
22|41185|19|6|0.00|2|7
24|41185|19|20|0.00|3|7
25|41185|19|21|0.00|3|7
26|41185|19|17|0.00|4|7
28|41185|22|6|0.00|2|7
29|41185|22|17|0.00|3|7
31|41185|22|20|0.00|3|7
32|41185|22|21|0.00|3|7
40|41185|31|22|99.99|7|7
47|41185|37|19|100.00|7|7
52|41185|37|8|0.00|3|7
53|41185|37|17|0.00|3|4
54|41185|40|37|13.74|7|7
58|41185|40|17|0.00|3|7
59|41185|40|21|0.00|3|7
64|41185|43|8|0.00|2|7
65|41185|43|17|0.00|3|7
67|41185|43|21|0.00|3|7
69|41185|43|45|0.00|3|7
70|41185|43|6|0.00|3|7
72|41185|43|47|0.00|5|7
77|41185|52|19|100.00|7|7
80|41185|52|17|0.00|3|5
82|41185|55|52|99.99|7|7
85|41185|55|17|0.00|3|7
86|41185|55|21|0.00|3|7
87|41185|55|20|0.00|3|7
93|41185|58|19|100.00|7|7
97|41185|59|58|98.79|7|7
98|41185|59|17|0.00|3|7
104|41185|61|19|56.05|7|7
107|41185|61|63|6.76|7|7
109|41185|61|6|0.00|2|7
113|41185|61|17|0.00|4|7
138|41186|77|61|100.00|7|7
141|41186|77|17|0.00|3|4
142|41186|78|1|99.99|7|7
154|41186|64|1|53.71|7|7
158|41186|64|8|0.00|3|7
162|41186|64|12|0.00|5|7
163|41186|64|13|0.00|5|7
164|41186|90|1|88.10|7|7
170|41192|93|64|91.50|7|7
171|41192|93|8|0.00|2|7
172|41192|93|45|0.00|3|7
173|41192|93|6|0.00|3|7
174|41192|93|9|0.00|3|7
175|41192|93|95|0.00|3|7
176|41192|93|96|0.00|3|7
177|41192|93|60|0.00|4|7
178|41192|93|97|0.00|5|7
207|41197|108|64|99.03|7|7
209|41197|108|6|0.00|2|7
211|41197|108|9|0.00|3|7
215|41197|108|23|0.00|3|7
218|41197|108|8|0.00|3|7
220|41197|108|114|0.00|3|7
221|41197|108|115|0.00|5|7
226|41197|108|119|0.00|5|7
227|41197|108|120|0.00|5|7
228|41197|108|121|0.00|5|7
230|41197|108|123|0.00|5|7
231|41197|126|108|99.99|7|7
242|41197|133|134|99.00|7|7
243|41197|133|6|0.00|2|7
244|41197|133|135|0.00|3|7
245|41197|133|136|0.00|3|7
246|41197|133|20|0.00|3|7
247|41197|133|34|0.00|3|7
248|41197|133|137|0.00|4|7
249|41197|138|139|80.00|7|7
250|41197|138|140|10.00|7|7
251|41197|138|141|10.00|7|7
252|41197|138|6|0.00|2|7
253|41197|138|34|0.00|3|7
254|41197|138|54|0.00|3|7
255|41197|138|142|0.00|4|7
256|41197|134|143|51.00|7|7
257|41197|134|144|49.00|7|7
258|41197|134|6|0.00|2|7
259|41197|134|135|0.00|3|7
260|41197|134|136|0.00|3|7
261|41197|134|20|0.00|3|7
262|41197|145|15|99.99|7|7
269|41197|147|6|0.00|3|7
270|41197|147|9|0.00|3|7
272|41197|148|1|100.00|7|7
273|41197|148|6|0.00|2|7
275|41197|148|8|0.00|3|7
294|41197|161|1|99.99|7|7
296|41197|162|1|100.00|7|7
298|41197|164|162|100.00|7|7
299|41197|164|163|0.00|3|4
300|41198|165|15|99.99|7|7
301|41198|165|16|0.00|5|7
307|41198|169|90|33.99|7|7
308|41198|169|170|2.00|3|7
309|41198|169|6|0.00|2|7
312|41198|169|20|0.00|3|7
313|41198|169|171|0.00|3|7
314|41198|169|172|0.00|3|7
321|41198|174|17|0.00|3|7
330|41198|178|90|69.97|7|7
332|41198|179|108|100.00|7|7
337|41198|179|183|0.00|5|7
340|41198|186|178|99.99|7|7
347|41198|189|178|99.99|7|7
352|41198|63|8|0.00|3|7
354|41198|63|83|0.00|2|7
355|41198|63|85|0.00|3|7
362|41198|124|114|0.00|3|7
367|41198|124|196|0.00|5|7
373|41198|128|108|100.00|7|7
376|41198|128|120|0.00|3|7
385|41213|61|21|0.00|3|7
389|41241|128|119|0.00|3|7
397|41283|93|17|0.00|3|7
418|41288|64|120|0.00|5|7
424|41289|63|147|99.99|7|7
427|41309|82|147|99.99|7|7
430|41352|43|20|0.00|3|7
436|41367|174|20|0.00|3|7
437|41367|174|21|0.00|3|7
439|41367|40|20|0.00|3|7
441|41367|55|6|0.00|3|7
449|41400|165|210|0.00|5|7
451|41470|64|114|0.00|4|7
453|41486|43|193|2.50|7|7
454|41540|186|13|0.00|3|7
455|41540|64|6|0.00|2|7
456|41540|64|60|0.00|5|7
457|41570|217|1|100.00|7|7
463|41577|1|5|11.37|7|7
464|41869|222|1|100.00|7|7
465|41869|222|6|0.00|2|7
467|41869|222|8|0.00|3|7
472|41869|223|1|100.00|7|7
473|41869|223|6|0.00|2|7
475|41869|223|8|0.00|3|7
476|41869|64|222|8.44|7|7
477|41869|64|223|8.44|7|7
478|41869|147|64|100.00|7|7
479|41869|147|83|0.00|2|7
480|41869|147|85|0.00|3|7
486|41891|22|224|0.00|5|7
488|41906|225|1|57.48|7|7
489|41906|225|229|42.52|7|7
495|41906|227|6|0.00|3|7
497|41906|227|170|0.00|2|7
517|41911|108|238|0.00|4|7
526|42018|105|17|0.00|2|7
534|42018|82|245|0.00|3|7
535|42019|102|17|0.00|3|7
536|42019|102|6|0.00|3|7
539|42019|102|20|0.00|3|7
540|42019|102|33|0.00|4|7
546|42093|108|250|0.00|3|7
547|42093|251|55|99.99|7|7
557|42137|254|1|100.00|7|7
560|42137|254|13|0.00|3|7
561|42137|40|254|85.50|7|7
566|42261|63|258|0.00|4|7
567|42290|259|1|85.31|7|7
570|42290|259|17|0.00|3|7
571|42290|259|229|14.69|7|7
572|42290|169|259|16.52|7|7
573|42290|260|40|99.99|7|7
581|42312|126|266|0.00|4|7
582|42318|105|61|99.99|7|7
588|42383|269|61|100.00|7|7
589|42383|269|17|0.00|2|7
594|42383|174|269|99.99|7|7
601|42383|63|272|0.00|3|7
607|42383|273|77|100.00|7|7
608|42383|273|17|0.00|3|7
610|42383|273|33|0.00|3|7
613|42383|102|273|99.99|7|7
616|42383|276|1|8.26|7|7
618|42383|276|16|0.00|4|7
624|42384|22|269|99.98|7|7
627|42436|108|279|0.00|5|7
628|42436|128|279|0.00|2|7
629|42438|77|20|0.00|3|7
630|42438|77|21|0.00|3|7
631|42438|77|16|0.00|3|7
638|42521|169|284|45.65|7|7
646|42592|22|287|0.00|5|7
650|42592|227|289|0.00|4|7
651|42592|40|290|0.00|4|7
659|42627|102|288|0.00|5|7
668|42627|227|302|0.00|5|7
677|42632|22|309|0.00|5|7
683|42697|108|312|0.00|3|7
686|42737|108|315|0.00|5|7
687|42744|169|312|0.00|3|7
689|42744|227|316|0.00|5|7
692|42745|145|16|0.00|4|7
693|42745|145|210|0.00|5|7
694|42745|145|236|0.00|5|7
696|42745|165|276|0.00|4|7
698|42745|124|320|0.00|5|7
711|42920|147|245|0.00|4|7
712|42920|147|258|0.00|5|7
713|42920|147|200|0.00|5|7
716|43033|328|1|99.99|7|7
719|43033|330|328|99.99|7|7
747|43066|339|64|98.27|7|7
760|43074|339|8|0.00|3|7
761|43074|339|60|0.00|2|4
775|43111|128|348|0.00|4|7
777|43111|179|354|0.00|4|7
839|43145|393|394|0.00|5|7
850|43292|179|401|0.00|5|7
859|43294|406|17|0.00|3|7
861|43294|406|26|0.00|5|7
862|43294|404|406|99.98|7|7
868|43297|390|174|99.99|7|7
869|43297|390|17|0.00|3|7
883|43320|409|273|100.00|7|7
886|43320|409|17|0.00|3|7
900|43320|412|273|100.00|7|7
903|43320|412|17|0.00|3|7
909|43326|108|413|0.00|3|7
910|43349|414|64|99.99|7|7
912|43355|416|1|100.00|7|7
914|43355|416|170|0.00|3|4
915|43355|416|13|0.00|3|5
918|43355|418|170|0.00|3|7
919|43355|418|20|0.00|3|7
920|43355|418|419|0.00|2|7
921|43355|418|420|0.00|3|7
922|43355|418|416|60.82|7|7
923|43355|418|421|39.18|7|7
926|43360|406|390|99.99|7|7
927|43395|423|22|99.99|7|7
929|43410|425|147|99.99|7|7
935|43446|426|102|99.99|7|7
937|43476|63|428|0.00|3|7
939|43479|169|113|0.00|3|7
954|43481|108|441|0.00|5|7
955|43482|124|425|99.99|7|7
959|43559|108|113|0.00|3|7
960|43559|147|113|0.00|3|7
961|43559|147|114|0.00|3|7
963|43560|124|85|0.00|2|7
964|43560|124|245|0.00|3|7
968|43565|444|418|99.99|3|7
971|43591|446|147|100.00|7|7
972|43591|446|85|0.00|3|4
973|43591|446|245|0.00|5|7
974|43591|446|258|0.00|5|7
977|43650|189|264|0.00|4|7
979|43650|186|113|0.00|3|7
980|43650|186|170|0.00|3|7
982|43656|174|113|0.00|2|7
983|43656|61|113|0.00|3|7
984|43656|61|312|0.00|3|7
985|43656|61|451|0.00|3|7
986|43656|61|450|0.00|3|7
987|43656|19|113|0.00|3|7
988|43656|58|17|0.00|3|4
990|43656|59|33|0.00|3|5
992|43656|37|113|0.00|2|7
993|43656|77|113|0.00|2|7
994|43656|43|113|0.00|3|7
995|43656|186|264|0.00|4|7
996|43656|186|171|0.00|5|7
1006|43753|456|113|0.00|2|7
1007|43753|456|17|0.00|3|5
1016|43798|460|418|52.44|3|7
1018|43810|1|113|0.00|3|4
1019|43826|78|113|0.00|4|7
1020|43826|78|6|0.00|5|7
1022|43826|78|12|0.00|5|7
1023|43826|78|13|0.00|5|7
1024|43826|148|113|0.00|3|7
1025|43844|93|114|0.00|3|7
1026|43844|93|113|0.00|3|7
1048|43844|404|471|0.00|5|7
1050|43844|393|373|0.00|5|7
1053|43844|174|373|0.00|5|7
1054|43844|63|113|0.00|3|7
1055|43844|63|245|0.00|4|7
1056|43844|425|200|0.00|5|7
1060|43844|82|477|0.00|5|7
1076|43844|409|33|0.00|3|7
1080|43844|102|113|0.00|3|7
1083|43844|412|33|0.00|3|7
1084|43844|412|66|0.00|3|7
1098|43844|227|20|0.00|3|7
1099|43844|227|113|0.00|3|7
1104|43844|276|113|0.00|5|7
1105|43844|276|210|0.00|5|7
1106|43844|276|236|0.00|5|7
1108|43844|15|236|0.00|5|7
1109|43844|15|210|0.00|5|7
1112|43844|260|290|0.00|5|7
1113|43844|40|113|0.00|3|7
1114|43844|43|483|0.00|4|7
1115|43844|55|113|0.00|2|7
1120|43844|64|113|0.00|3|5
1121|43844|64|413|0.00|3|7
1122|43844|64|45|0.00|3|7
1123|43844|64|312|0.00|3|7
1124|43844|64|123|0.00|5|7
1126|43845|418|13|0.00|3|7
1127|43845|418|113|0.00|3|7
1128|43845|416|113|0.00|2|5
1133|43845|22|113|0.00|3|7
1134|43845|1|488|0.00|3|7
1136|43845|1|272|0.00|3|7
1137|43845|490|186|99.99|7|7
1138|43845|490|289|0.00|4|7
1139|43845|491|1|100.00|7|7
1141|43845|491|113|0.00|2|7
1143|43845|222|113|0.00|3|7
1147|43845|492|33|0.00|3|7
1150|43902|186|6|0.00|2|7
1151|43902|128|113|0.00|3|7
1152|43902|223|113|0.00|3|7
1153|43951|425|479|0.00|5|7
1155|43951|446|493|0.00|5|7
1156|43951|93|494|0.00|5|7
1161|43991|496|499|45.00|7|7
1168|43991|500|496|100.00|7|7
1170|43991|500|497|0.00|5|7
1181|43997|492|17|0.00|3|7
1182|44020|492|93|2.79|7|7
1183|44020|492|412|34.17|7|7
1184|44020|492|409|44.58|7|7
1185|44020|492|1|2.91|7|7
1186|44020|492|15|9.12|7|7
1187|44020|43|503|0.00|5|7
1188|44020|43|318|0.00|5|7
1190|44020|52|113|0.00|2|7
1193|44020|254|113|0.00|2|7
1195|44020|55|352|0.00|4|7
1197|44020|491|13|0.00|3|7
1200|44020|217|113|0.00|2|7
1202|44020|217|13|0.00|3|7
1204|44020|259|113|0.00|2|7
1205|44020|90|113|0.00|2|7
1207|44020|460|444|47.56|7|7
1210|44020|418|507|0.00|3|7
1211|44020|406|508|0.00|4|7
1212|44020|404|508|0.00|4|7
1213|44020|509|174|99.99|7|7
1214|44020|509|370|0.00|4|7
1219|44020|510|17|0.00|5|7
1242|44057|496|113|0.00|3|7
1243|44057|496|20|0.00|3|7
1244|44057|496|170|0.00|3|5
1245|44057|496|515|0.00|3|7
1246|44057|496|516|0.00|3|7
1253|44084|425|518|0.00|4|7
1257|44113|359|520|0.00|4|7
1258|44113|406|523|0.00|5|7
1259|44113|406|522|0.00|5|7
1260|44113|406|521|0.00|5|7
1261|44113|524|64|99.99|7|7
1262|44113|524|114|0.00|4|7
1263|44113|524|120|0.00|5|7
1264|44113|524|12|0.00|5|7
1265|44113|524|13|0.00|5|7
1267|44144|490|264|0.00|5|7
1269|44144|490|316|0.00|5|7
1270|44144|490|526|0.00|5|7
1271|44144|490|527|0.00|5|7
1281|44175|93|532|0.00|5|7
1290|44200|537|269|99.99|7|7
1291|44200|537|17|0.00|4|7
1292|44200|537|66|0.00|5|7
1293|44200|538|22|99.99|7|7
1295|44200|538|17|0.00|3|7
1297|44200|538|56|0.00|3|7
1299|44251|165|236|0.00|5|7
1300|44251|15|113|0.00|5|7
1304|44251|64|540|0.00|5|7
1309|44251|178|541|25.08|7|7
1310|44251|260|542|0.00|4|7
1313|44327|43|544|0.00|5|7
1319|44327|425|338|0.00|5|7
1320|44327|425|545|0.00|5|7
1321|44327|425|546|0.00|5|7
1322|44327|93|339|8.49|7|7
1332|44480|359|174|99.99|7|7
1334|44480|549|113|0.00|2|7
1335|44480|549|13|0.00|3|7
1337|44480|549|550|0.00|3|7
1339|44480|254|552|0.00|3|7
1342|44480|491|552|0.00|3|7
1343|44480|1|552|0.00|5|7
1344|44480|217|552|0.00|3|7
1345|44480|90|13|0.00|3|7
1346|44480|90|552|0.00|3|7
1347|44480|225|113|0.00|2|7
1348|44480|225|13|0.00|3|7
1349|44480|225|552|0.00|3|7
1352|44508|553|22|99.90|7|7
1356|44508|556|22|99.90|7|7
1358|44508|558|22|99.90|7|7
1360|44508|406|560|0.00|3|7
1361|44508|561|22|99.90|7|7
1362|44508|561|224|0.00|4|7
1363|44508|562|174|99.99|7|7
1365|44508|562|370|0.00|5|7
1366|44508|562|373|0.00|5|7
1367|44508|563|174|99.99|7|7
1368|44508|563|370|0.00|4|7
1369|44508|563|373|0.00|5|7
1370|44508|371|393|99.99|7|7
1371|44508|393|174|99.99|7|7
1373|44508|82|565|0.00|5|7
1374|44508|446|566|0.00|5|7
1375|44508|186|20|0.00|3|7
1376|44512|412|288|0.00|3|7
1377|44512|409|288|0.00|3|7
1379|44512|492|288|0.00|3|7
1380|44537|418|552|0.00|3|7
1381|44537|22|559|0.00|5|7
1382|44537|22|56|0.00|4|7
1383|44537|22|568|0.00|5|7
1384|44537|22|567|0.00|5|7
1386|44537|371|204|0.00|4|7
1389|44537|510|269|99.99|7|7
1390|44537|31|560|0.00|4|7
1392|44537|569|549|100.00|7|7
1393|44537|569|16|0.00|3|7
1394|44537|569|210|0.00|3|4
1395|44537|569|570|0.00|3|7
1396|44537|82|518|0.00|4|7
1397|44568|186|24|0.00|3|7
1401|44568|411|33|0.00|4|7
1402|44568|426|33|0.00|4|7
1403|44568|273|288|0.00|3|7
1404|44568|572|22|99.90|7|7
1407|44599|406|573|0.00|2|7
1408|44599|457|574|0.00|4|7
1410|44599|510|574|0.00|4|7
1412|44628|390|573|0.00|3|4
1419|44664|393|579|0.00|4|7
1425|44691|52|574|0.00|3|7
1426|44691|43|581|0.00|5|7
1427|44691|582|64|50.00|7|7
1428|44691|582|108|50.00|7|7
1429|44691|582|583|0.00|4|7
1430|44691|492|22|3.58|7|7
1437|44720|582|238|0.00|2|7
1440|44720|582|587|0.00|3|7
1441|44720|582|588|0.00|3|7
1442|44720|582|589|0.00|5|7
1443|44720|582|590|0.00|5|7
1444|44720|582|591|0.00|5|7
1445|44720|582|592|0.00|5|7
1449|44720|169|294|0.00|5|7
1451|44720|596|582|99.99|7|7
1452|44720|596|583|0.00|4|7
1457|44720|390|34|0.00|3|7
1458|44720|390|21|0.00|3|7
1459|44720|390|113|0.00|2|7
1460|44720|390|20|0.00|3|7
1465|44747|169|595|0.00|3|7
1467|44747|169|433|0.00|5|7
1469|44747|61|574|0.00|5|7
1471|44747|599|549|100.00|7|7
1472|44747|599|531|0.00|3|7
1474|44747|456|574|0.00|3|5
1475|44747|456|560|0.00|5|7
1476|44747|43|600|0.00|5|7
1477|44747|43|601|0.00|5|7
1478|44747|37|33|0.00|5|7
1479|44747|59|574|0.00|3|4
1480|44747|59|560|0.00|3|5
1481|44747|77|574|0.00|5|7
1482|44747|77|560|0.00|5|7
1484|44747|105|574|0.00|3|4
1485|44747|105|560|0.00|3|7
1487|44747|58|33|0.00|5|7
1488|44747|269|574|0.00|3|7
1489|44747|411|409|53.01|7|7
1490|44755|78|552|0.00|5|7
1491|44755|102|21|0.00|3|7
1492|44755|492|560|0.00|3|7
1496|44755|19|33|0.00|5|7
1497|44755|492|55|2.85|7|7
1498|44782|582|120|0.00|3|7
1499|44782|582|279|0.00|3|7
1501|44782|582|17|0.00|3|7
1502|44782|582|448|0.00|3|7
1504|44782|599|210|0.00|4|7
1506|44782|390|373|0.00|5|7
1508|44782|359|373|0.00|5|7
1511|44782|418|34|0.00|3|4
1512|44788|492|574|0.00|3|7
1514|44788|553|269|0.10|7|7
1515|44788|556|269|0.10|7|7
1516|44788|558|269|0.10|7|7
1517|44788|561|269|0.10|7|7
1518|44788|572|269|0.10|7|7
1519|44810|93|605|0.00|5|7
1520|44810|328|606|0.00|4|7
1521|44810|330|606|0.00|4|7
1522|44810|174|9|0.00|3|7
1523|44841|227|9|0.00|3|7
1526|44841|43|9|0.00|3|7
1527|44841|22|9|0.00|3|7
1529|44841|93|608|0.00|5|7
1530|44841|93|609|0.00|5|7
1531|44874|406|257|0.00|3|7
1533|44874|147|518|0.00|5|7
1534|44874|425|610|0.00|5|7
1536|44874|611|416|60.00|7|7
1538|44880|613|19|100.00|7|7
1539|44880|613|560|0.00|5|7
1540|44880|613|17|0.00|5|7
1541|44880|613|574|0.00|5|7
1542|44880|613|286|0.00|5|7
1543|44880|613|614|0.00|5|7
1545|44880|615|617|35.00|7|7
1547|44880|615|616|0.00|4|7
1548|44902|102|9|0.00|3|7
1551|44932|259|13|0.00|3|7
1552|44932|178|12|0.00|4|7
1555|44932|108|618|0.00|3|7
1558|44938|619|19|100.00|7|7
1559|44938|619|560|0.00|3|5
1560|44938|619|17|0.00|3|7
1561|44938|619|574|0.00|3|5
1562|44938|619|113|0.00|3|7
1567|44965|227|24|0.00|3|7
1568|44965|165|113|0.00|5|7
1569|44965|55|9|0.00|3|7
1570|44965|40|9|0.00|3|7
1571|44965|623|178|99.99|7|7
1572|44965|623|113|0.00|3|7
1573|44965|623|170|0.00|3|7
1574|44965|623|264|0.00|3|7
1575|44965|623|519|0.00|4|7
1577|44992|456|61|100.00|7|7
1580|44992|624|17|0.00|5|7
1582|44992|528|203|0.00|3|7
1584|44992|359|257|0.00|5|7
1585|44992|359|625|0.00|5|7
1586|44992|611|617|40.00|7|7
1587|45020|174|450|0.00|3|7
1588|45020|174|312|0.00|3|7
1592|45020|169|626|0.00|5|7
1593|45020|43|627|0.00|5|7
1594|45020|549|170|0.00|3|7
1595|45020|276|15|91.74|7|7
1596|45020|496|416|55.00|7|7
1597|45020|496|432|0.00|3|7
1598|45020|496|34|0.00|3|7
1599|45020|496|552|0.00|3|7
1600|45020|496|628|0.00|3|7
1601|45020|496|629|0.00|3|7
1605|45020|500|170|0.00|5|7
1612|45027|186|9|0.00|3|7
1613|45027|64|119|0.00|5|7
1615|45055|102|312|0.00|3|7
1616|45055|102|450|0.00|3|7
1617|45055|624|22|99.99|7|7
1623|45055|179|119|0.00|3|7
1624|45055|179|324|0.00|3|7
1625|45055|227|586|0.00|5|7
1626|45055|227|585|0.00|5|7
1627|45055|631|491|99.99|7|7
1628|45055|631|210|0.00|4|7
1629|45055|631|113|0.00|5|7
1630|45055|631|34|0.00|5|7
1631|45055|631|16|0.00|5|7
1636|45055|635|633|100.00|7|7
1641|45087|562|257|0.00|4|7
1642|45087|390|625|0.00|5|7
1644|45089|636|456|99.99|7|7
1645|45089|636|574|0.00|5|7
1646|45089|636|568|0.00|4|7
1647|45089|636|56|0.00|5|7
1648|45092|93|637|0.00|5|7
1649|45113|227|638|0.00|5|7
1650|45113|63|120|0.00|3|7
1651|45113|425|639|0.00|5|7
1652|45146|640|1|100.00|7|7
1653|45146|640|113|0.00|2|7
1654|45146|640|552|0.00|3|7
1655|45146|640|13|0.00|3|7
1656|45146|640|12|0.00|4|7
1657|45180|273|574|0.00|3|7
1658|45180|273|560|0.00|3|7
1659|45180|409|574|0.00|3|7
1660|45180|409|560|0.00|3|7
1661|45180|179|583|0.00|2|7
1662|45180|179|592|0.00|3|7
1663|45180|528|549|99.99|7|7
1664|45180|528|577|0.00|3|7
1665|45180|549|491|100.00|7|7
1666|45202|641|616|0.00|4|7
1667|45211|641|617|0.00|7|7
1669|45238|549|622|0.00|3|7
1670|45238|425|643|0.00|5|7
1671|45238|425|644|0.00|5|7
1672|45238|425|645|0.00|5|7
1673|45244|90|640|11.90|7|7
1676|45296|611|113|0.00|3|7
1677|45296|611|170|0.00|3|7
1678|45296|611|20|0.00|3|7
1679|45296|611|552|0.00|3|7
1680|45296|611|34|0.00|3|7
1681|45296|611|649|0.00|4|7
1682|45296|416|552|0.00|5|7
1683|45296|416|12|0.00|5|7
1684|45296|416|622|0.00|3|7
1685|45296|416|650|0.00|5|7
1686|45296|78|231|0.00|5|7
1687|45296|161|552|0.00|4|7
1688|45296|641|633|100.00|7|7
1690|45296|500|652|0.00|5|7
1691|45296|500|653|0.00|5|7
1692|45296|500|655|0.00|5|7
1693|45296|500|656|0.00|5|7
1694|45296|500|657|0.00|5|7
1695|45298|500|654|0.00|5|7
1698|45298|633|616|0.00|4|7
1699|45298|659|619|100.00|7|7
1700|45298|659|616|0.00|7|7
1703|45298|635|616|0.00|4|7
1708|45298|162|660|0.00|3|4
1709|45298|58|574|0.00|3|7
1710|45298|58|560|0.00|3|7
1711|45298|269|560|0.00|3|7
1712|45299|178|225|4.95|7|7
1713|45306|227|178|99.99|7|7
1714|45330|611|661|0.00|3|7
1715|45330|611|662|0.00|3|7
1716|45330|611|663|0.00|3|7
1717|45362|108|118|0.00|5|7
1718|45362|582|664|0.00|5|7
1719|45362|359|394|0.00|5|7
1720|45366|61|1|4.11|7|7
1721|45366|251|665|0.00|4|7
1722|45421|169|34|0.00|3|7
1724|45421|500|667|0.00|5|7
1725|45421|500|668|0.00|5|7
1727|45421|43|670|0.00|5|7
1728|45421|174|671|0.00|3|7
1729|45421|339|637|0.00|3|7
1730|45421|582|672|0.00|5|7
1731|45421|406|373|0.00|3|7
1732|45447|61|671|0.00|3|7
1733|45448|22|671|0.00|3|7
1734|45448|22|450|0.00|3|7
1735|45448|22|312|0.00|3|3
1736|45448|556|568|0.00|5|7
1737|45448|556|56|0.00|5|7
1738|45448|553|56|0.00|4|7
1739|45448|500|673|0.00|4|7
1740|45448|496|673|0.00|4|7
1742|45481|582|114|0.00|3|7
1743|45481|582|674|0.00|5|7
1744|45481|61|603|6.35|7|7
1745|45481|675|622|0.00|3|4
1746|45481|675|113|0.00|2|7
1747|45481|675|13|0.00|3|7
1748|45481|675|170|0.00|3|7
1749|45481|675|64|100.00|7|7
1750|45509|93|120|0.00|3|7
1751|45509|61|676|5.37|7|7
1752|45509|82|120|0.00|3|7
1753|45509|124|120|0.00|3|7
1754|45540|500|677|0.00|5|7
1755|45540|82|443|0.00|5|7
1757|45601|108|285|0.00|5|7
1758|45601|633|619|100.00|7|7
1759|45601|82|84|0.00|2|7
1760|45601|124|84|0.00|3|7
1761|45607|680|61|100.00|7|7
1762|45607|680|17|0.00|3|4
1763|45607|680|574|0.00|3|7
1764|45607|680|560|0.00|3|5
1765|45607|680|224|0.00|3|7
1766|45607|680|679|0.00|3|7
1767|45607|681|680|100.00|4|7
1768|45607|681|574|0.00|5|7
1769|45607|681|560|0.00|5|7
1770|45607|682|681|100.00|7|7
1771|45636|169|683|0.00|5|7
1772|45660|418|684|0.00|3|7
1774|45660|681|686|0.00|4|7
1775|45660|687|681|100.00|7|7
1776|45660|687|17|0.00|2|7
1777|45660|687|56|0.00|3|7
1778|45660|687|21|0.00|3|7
1779|45660|687|686|0.00|4|7
1780|45666|615|619|65.00|7|7
1781|45692|558|568|0.00|4|7
1782|45692|624|557|0.00|4|7
1783|45692|538|66|0.00|3|7
1784|45693|538|557|0.00|4|7
1785|45693|538|688|0.00|5|7
1786|45723|64|690|0.00|5|7
1787|45723|496|497|0.00|5|7
1788|45723|43|691|0.00|5|7
1789|45723|43|692|0.00|5|7
1790|45729|556|693|0.00|4|7
1791|45750|500|694|0.00|5|7
1792|45783|108|695|0.00|3|7
1793|45783|696|147|100.00|7|7
1794|45783|696|697|0.00|3|4
1795|45783|61|20|0.00|3|3
1797|45790|64|695|0.00|3|7
1798|45811|423|698|0.00|4|7
1799|45811|124|699|0.00|5|7
1800|45811|124|293|0.00|4|7
1801|45811|500|700|0.00|5|7
1802|45811|500|701|0.00|5|7
1803|45811|500|702|0.00|5|7
1804|45852|169|435|0.00|4|7
1805|45852|411|492|46.99|7|7
1806|45852|703|675|100.00|7|7
1807|45852|703|704|0.00|4|7
1808|45852|82|705|0.00|5|7
1809|45852|696|706|0.00|5|7
1810|45852|707|19|100.00|7|7
1811|45852|707|17|0.00|2|7
1812|45852|707|574|0.00|3|4
1813|45852|707|560|0.00|3|7
1814|45880|457|22|99.99|7|7
1815|45880|572|557|0.00|4|7
1816|45880|572|688|0.00|5|7
1817|45880|572|56|0.00|5|7
1818|45905|169|316|0.00|5|7
1819|45905|43|707|97.50|7|7
1820|45905|43|708|0.00|5|7
1821|45936|128|709|0.00|3|7
1822|45943|414|710|0.00|4|7
1823|45944|418|711|0.00|4|7
1824|45944|444|711|0.00|4|7
1825|45944|174|370|0.00|4|7
1826|45944|390|370|0.00|4|7
